2003837
11239055
11449307
12707451
12732934
7422761
15018964
14023328
16507846
12425226
1703861
17610041
17947629
4552828
3663043
8987901
3265777
14029292
19851055
20741168
17288036
1139321
17227508
8336841
8444226
5073763
15659588
9490900
21330405
16994724
9299169
18734285
13828123
2197064
2518545
5714170
21557061
21582715
19972627
18511263
91001
16271539
7723972
14671984
5456839
4015804
20963807
19905251
3691592
23417065
21931364
707203
23873505
23941510
24017353
24093307
24139890
24241948
21455973
24674147
22111692
25143027
25433972
25740501
25907639
25938270
26109611
24510732
24855383
27880730
2952161
26009025
6080829
27984126
17267044
3292044
27832584
6298244
712322
28150031
28726047
4615378
29487290
676
27866293
31200213
31557732
32323906
32467259
21641042
2560865
33171627
33187928
33188276
33617313
33702629
32008247
34026737
517852
2890176
34338201
34591960
35552454
8567339
25796974
33371860
36601804
36633823
3165914
12707260
37844407
332405
38132599
34287999
14854504
21662690
31996140
38188411
10444851
35136702
31242705
2385156
39540921
39588077
39373333
24348128
39763954
26924614
39806937
37155774
33825508
40924171
41014717
39698958
41371706
31157469
17226441
41567584
41983071
42055712
43006586
42064775
43311410
43581013
43598010
43676690
43958615
44070722
44086322
44856546
18492788
39947169
