2003837
11239055
11449307
12707451
12732934
7422761
15018964
14023328
16507846
12425226
1703861
17610041
17947629
4552828
3663043
8987901
3265777
14029292
19851055
20741168
17288036
1139321
17227508
8336841
8444226
5073763
15659588
9490900
21330405
16994724
9299169
18734285
13828123
2197064
2518545
5714170
21557061
21582715
19972627
18511263
91001
16271539
7723972
14671984
5456839
4015804
20963807
19905251
3691592
23417065
21931364
707203
23873505
23941510
24017353
24093307
24139890
24241948
21455973
24674147
22111692
25143027
25433972
25740501
25907639
25938270
26109611
24510732
24855383
27880730
2952161
26009025
6080829
27984126
17267044
3292044
27832584
6298244
712322
28150031
28726047
4615378
29487290
676
27866293
31200213
31557732
32323906
32467259
21641042
2560865
33171627
33187928
33188276
33617313
33702629
32008247
34026737
517852
2890176
34338201
34591960
35552454
8567339
25796974
33371860
36601804
36633823
3165914
12707260
37844407
332405
38132599
34287999
14854504
21662690
31996140
38188411
10444851
35136702
31242705
2385156
39540921
39588077
39373333
24348128
39763954
26924614
39806937
37155774
33825508
40924171
41014717
39698958
41371706
31157469
17226441
41567584
41983071
42055712
43006586
42064775
43311410
43581013
43598010
43676690
43958615
44070722
44086322
44856546
18492788
39947169
2386897
6516610
10018320
11737220
1703861
16509062
1079811
16994724
3069184
3066036
9299169
7682165
3167449
4104454
1624596
1124073
3526185
882709
18292
7723972
4081012
17288036
16271539
1546249
5422466
12732934
14434839
841521
4555919
860806
4823667
938112
2518545
1064294
517852
14659127
14671890
3071732
5631229
14659256
11916991
2576658
14143615
2045595
6645378
707203
14659426
14671984
8930
12267514
14434820
17837734
17837855
18424377
12507776
15018964
16817649
19537369
19851055
16795121
676
19206124
3691592
2466890
20936267
21079912
19056613
17227508
19448379
21349398
17259348
21374519
21455973
21178313
14023328
21545914
2003837
18511263
21747978
16913758
28380
15604122
14272248
10123421
3662633
19505956
22722891
3228328
16924730
12368824
19313148
2890176
6931375
4015804
8701890
2321766
2385224
18547034
23457348
14854504
23438257
22764367
21641042
14190989
4148982
2952161
21931364
5569864
2385870
23556460
23646646
23657574
23681824
11277513
23708994
23722203
23723195
23724128
23732556
23781436
23807893
23835780
23840824
23843740
23854672
23909632
23873505
23940918
24093307
24094085
24139890
23610859
24959751
23417065
3597267
25012264
179307
21337093
25976168
24510732
5584091
24855383
860694
28047929
27880730
3292044
712322
4615378
22492608
30864177
28560487
30863072
21095105
31200213
31302911
24611362
31507986
1566134
20965230
25143027
31557732
29677085
32323906
3165914
2560865
21757403
33617313
24488592
34888196
1623789
34376103
35332495
35930661
36806835
36684739
34456873
2545857
4692219
37061644
37801874
37852496
38001360
38256550
31996140
38940616
14630834
27998648
2385156
39382260
39588077
39646244
30275267
37061724
21748027
26924614
40541974
34858253
37741801
42841611
43190568
42052747
43581013
17837922
44534437
12506348
