2386897
6516610
10018320
11737220
1703861
16509062
1079811
16994724
3069184
3066036
9299169
7682165
3167449
4104454
1624596
1124073
3526185
882709
18292
7723972
4081012
17288036
16271539
1546249
5422466
12732934
14434839
841521
4555919
860806
4823667
938112
2518545
1064294
517852
14659127
14671890
3071732
5631229
14659256
11916991
2576658
14143615
2045595
6645378
707203
14659426
14671984
8930
12267514
14434820
17837734
17837855
18424377
12507776
15018964
16817649
19537369
19851055
16795121
676
19206124
3691592
2466890
20936267
21079912
19056613
17227508
19448379
21349398
17259348
21374519
21455973
21178313
14023328
21545914
2003837
18511263
21747978
16913758
28380
15604122
14272248
10123421
3662633
19505956
22722891
3228328
16924730
12368824
19313148
2890176
6931375
4015804
8701890
2321766
2385224
18547034
23457348
14854504
23438257
22764367
21641042
14190989
4148982
2952161
21931364
5569864
2385870
23556460
23646646
23657574
23681824
11277513
23708994
23722203
23723195
23724128
23732556
23781436
23807893
23835780
23840824
23843740
23854672
23909632
23873505
23940918
24093307
24094085
24139890
23610859
24959751
23417065
3597267
25012264
179307
21337093
25976168
24510732
5584091
24855383
860694
28047929
27880730
3292044
712322
4615378
22492608
30864177
28560487
30863072
21095105
31200213
31302911
24611362
31507986
1566134
20965230
25143027
31557732
29677085
32323906
3165914
2560865
21757403
33617313
24488592
34888196
1623789
34376103
35332495
35930661
36806835
36684739
34456873
2545857
4692219
37061644
37801874
37852496
38001360
38256550
31996140
38940616
14630834
27998648
2385156
39382260
39588077
39646244
30275267
37061724
21748027
26924614
40541974
34858253
37741801
42841611
43190568
42052747
43581013
17837922
44534437
12506348
